1132361134 1133007170
1134198290 1134921470
1138792610 1139430710
1143310161 1144033409
1144267401 1145713897
1147202937 1147564561
1149486801 1151039657
1151762905 1151890537
1152018169 1152188345
1153071133 1153379577
1154453813 1154783529
1155347237 1155655681
1156091757 1156442745
1156846913 1157229809
1157431893 1157955216
1159379904 1159581912
1159805184 1159948716
1160193252 1160294256
1160416524 1161500988
1161734892 1162037904
1162128276 1162383444
1162612032 1162744932
1162829988 1162952256
1163122368 1163228688
1163393484 1163451960
1163723076 1163744340
1164132408 1164573636
1164796908 1164940440
1168272123 1168300067
1168523619 1168555555
1168831003 1168846971
1168930803 1168970723
1169561539 1169589483
1169932795 1170068523
1170124411 1170184291
1170443771 1170683291
1170795067 1170866923
1171022611 1171098459
1171306043 1171413827
1171441771 1171532887
1171821337 1171949081
1172216545 1172260457
1172571833 1172607761
1172903169 1172923129
1173214545 1173254465
1173761449 1173793385
1173897177 1173941089
1174131161 1174144025
1174214777 1174231929
1174351993 1174367001
1174405357 1174412861
1174692881 1174727409
1174866849 1174885441
1174943873 1174977073
1175063393 1175085969
1175235729 1175259633
1175304785 1175324705
1175489377 1175604913
1175740369 1175797473
1176985817 1177005641
1177223705 1177241877
1177299697 1177316217
1177461593 1177478113
1177687917 1177707741
1177851465 1177899373
1178036489 1178054661
1178130653 1178150477
1178709795 1178779655
1178839535 1178921371
1179005203 1179110991
1179396419 1179430351
1179500211 1179528155
1179690008 1179709304
1179725384 1179770408
1179802568 1179846520
1179927992 1179962296
1179990168 1180048056
1180088792 1180102728
1180147752 1180163314
1180318009 1180339485
1180415477 1180435301
1180498077 1180521205
1180696317 1180716141
1180795437 1180811957
1180973853 1180993677
1181043237 1181061409
1181106013 1181125837
1181257816 1181267464
1181307128 1181321064
1181432552 1181446488
1181488296 1181499016
1181567624 1181580488
1181780952 1181798104
1181952472 1181967480
1182504880 1182574264
1182617216 1182666776
1182729552 1182793855
1182825319 1182842707
1182856783 1182866719
1183058815 1183095247
1183124227 1183155691
1183172251 1183192951
1183233523 1183260847
1183355009 1183367429
1183441121 1183459337
1183573601 1183582709
1183615001 1183625765
1183725125 1183733405
1183756589 1183766525
1183792193 1183802129
1183822001 1183831937
1183986048 1183997048
1184028048 1184043048
1184057048 1184064048
1184166048 1184174048
1184209048 1184232048
1184252048 1184294048
1184338048 1184350048
1184422048 1184438048
1184456048 1184484048
1184499048 1184512048
1184530048 1184552048
1184575048 1184673048
1184704048 1184747048
1184782048 1184821048
1184858048 1184882048
1184902048 1184935048
1184963048 1184988048
1185006048 1185026048
1185046048 1185076048
1185115048 1185142048
1185177048 1185200048
1185236048 1185267048
1185301048 1185315048
1185333048 1185341048
1185743425 1185759425
1185953425 1186046637
1186090051 1186114063
1186197085 1186215085
1186258085 1186286085
1186321085 1186339085
1186382085 1186398085
1186465085 1186492085
1186511085 1186586085
1186615085 1186642085
1186738073 1186746041
1186795841 1186804473
1186835017 1186843649
1186865561 1186872865
1186918017 1186926649
1187268325 1187308325
1187432325 1187534325
1187591325 1187608325
1187619325 1187640325
1187646325 1187666325
1187674325 1187692325
1187699325 1187732325
1187832325 1187858325
1187904325 1187926325
1187938325 1187961325
1188000325 1188016325
1188033325 1188051325
1188059325 1188075325
1188085325 1188102325
1188113325 1188151325
1188186325 1188200325
1188306325 1188323325
1188393709 1188402285
1188440853 1188449429
1188504637 1188512677
1188548565 1188555533
1188606453 1188611277
1188690665 1188721753
1188735153 1188743193
1188798785 1188832785
1188870785 1188898785
1188928785 1188945785
1188967785 1188981785
1189092785 1189158583
1189189219 1189232919
1189251919 1189258919
1189282919 1189303919
1189370919 1189388919
1189547879 1189562879
1189762879 1189779879
1189849879 1189865879
1189889879 1189905879
1189932879 1189951879
1190024879 1190043879
1190119879 1190136879
1190176879 1190197879
1190238879 1190259879
1190297879 1190312879
1190354879 1190377879
1190421879 1190439879
1190494879 1190521879
1190585871 1190596495
1190625711 1190640319
1190711487 1190792487
1190802487 1190906487
1191020487 1191033487
1191077487 1191095487
1191244412 1191252912
1191269912 1191280412
1191344478 1191348498
1191362702 1191367526
1191378782 1191385750
1191392450 1191395934
1191402634 1191406922
1191409066 1191414426
1191437474 1191440422
1191566963 1191573963
1191610463 1191685463
1191742463 1191764463
1191821963 1191829463
1191887463 1191895463
1191925963 1191938463
1191972463 1191981963
1192003963 1192012463
1192045963 1192063463
1192081963 1192099963
1192154463 1192201963
1192278963 1192284463
1192341963 1192350963
1192394463 1192401463
1192408963 1192414463
1192509963 1192539463
1192570463 1192583963
1192605963 1192618463
1192633963 1192665463
1192677963 1192692463
1192723963 1192750963
1192761963 1192779463
1192794963 1192810963
1192844463 1192857963
1192870463 1192908963
1192961463 1193007463
1193018963 1193043463
1193083963 1193122463
1193431141 1193445141
1193450141 1193487141
1193514641 1193540641
1193549641 1193555141
1193567641 1193589141
1193613141 1193620141
1193652141 1193658641
1193672641 1193679641
1193705641 1193712141
1193755141 1193764141
1193783641 1193798641
1193917641 1193930641
1193948641 1193968641
1193983141 1194012641
1194031641 1194044141
1194114641 1194120641
1194147641 1194152641
1194193141 1194201141
1194211141 1194218141
1194318641 1194325641
1194354641 1194359141
1194383641 1194389641
1194398641 1194404141
1194540641 1194594141
1194648141 1194704641
1194909825 1194913041
1194932069 1194935553
1194948685 1194952437
1195009609 1195065609
1195092109 1195107609
1195124609 1195142109
1195152609 1195158609
1195179109 1195185109
1195208109 1195214109
1195232109 1195241609
1195265609 1195281609
1195288109 1195303109
1195323109 1195351109
1195368109 1195383109
1195420109 1195452109
1195554609 1195570109
1195659109 1195668609
1195681609 1195698609
1195812609 1195887609
1195947609 1195954609
1195963109 1195972609
1196003609 1196038109
1196043609 1196051109
1196118609 1196140109
1196178109 1196184109
1196197109 1196204609
1196227609 1196239609
1196259109 1196267109
1196284109 1196302609
1196356109 1196363609
1196387109 1196401609
1196426109 1196441109
1196460109 1196476109
1196487609 1196519109
1196536109 1196551609
1196563609 1196567109
1196598109 1196619609
1196634609 1196639609
1196662609 1196678109
1196683609 1196690609
1196812025 1196862157
1196889713 1196896021
1196929885 1196934865
1196947481 1196951465
1196972713 1196978357
1197005913 1197011225
1197041769 1197048077
1197101197 1197106841
1197146017 1197150333
1197161953 1197166269
1197187185 1197192165
1197204117 1197209097
1197240637 1197245285
1197255577 1197259893
1197267861 1197272509
1197303385 1197308033
1197344885 1197349533
1197363557 1197370525
1197383121 1197390357
1197398665 1197407241
1197412601 1197420373
1197428145 1197432165
1197442349 1197446101
1197469953 1197479333
1197484425 1197492733
1197499165 1197503721
1197510153 1197526501
1197539365 1197547405
1197553837 1197561877
1197569649 1197574205
1197585193 1197589749
1197601005 1197607973
1197618693 1197636113
1197652997 1197657017
1197666665 1197670953
1197683281 1197687033
1197696145 1197700701
1197754837 1197757517
1197773061 1197776009
1197789141 1197792357
1197798789 1197802541
1197867665 1197872757
1197892589 1197896341
1197920997 1197923677
1197973513 1197977265
1197984233 1197988521
1197992541 1198001117
1198020413 1198024165
1198040513 1198043193
1198082053 1198085269
1198106977 1198109925
1198124397 1198128417
1198153341 1198158433
1198180409 1198183893
1198280565 1198287533
1198313797 1198318621
1198344885 1198350781
1198381601 1198385085
1198398217 1198403577
1198426625 1198432521
1198464949 1198469237
1198489337 1198494965
1198520157 1198524713
1198541329 1198544277
1198571077 1198575097
1198600825 1198605381
1198638881 1198643973
1198675597 1198682833
1198685781 1198696769
1198724909 1198730001
1198751977 1198761089
1198830463 1198845963
1198890963 1198927963
1198953963 1198984463
1199044463 1199054963
1199144463 1199153425
1199177545 1199201665
1199223909 1199234897
1199251245 1199277777
1199299753 1199305649
1199422765 1199435313
1199461873 1199467517
1199481793 1199487437
1199497065 1199502709
1199567449 1199572368
1199598072 1199600760
1199613360 1199616048
1199634864 1199637552
1199644272 1199649816
1199660064 1199663760
1199677704 1199683068
1199701668 1199707372
1199718036 1199724484
1199726468 1199733660
1199734900 1199741596
1199749036 1199753996
1199788716 1199796652
1199819220 1199826870
1199834774 1199844342
1199848502 1199854326
1199860566 1199864101
1199875037 1199877941
1199887841 1199919956
1199923820 1199925500
1199934740 1199936252
1199960276 1199962460
1199978588 1200053412
1200065892 1200069844
1200076916 1200080660
1200098984 1200101336
1200105704 1200108056
1200124184 1200126536
1200135104 1200137456
1200172588 1200178204
1200201084 1200204828
1200223702 1200226182
1200235110 1200237342
1200266854 1200291406
1200295126 1200297854
1200407196 1200413644
1200435220 1200440676
1200458780 1200463988
1200490276 1200494244
1200571065 1200574089
1200621538 1200625010
1200650554 1200656258
1200675850 1200678578
1200683042 1200685770
1200694698 1200697426
1200718754 1200721730
1200744298 1200747770
1200756450 1200760418
1200799354 1200809026
1200819938 1200830850
1200869786 1200881938
1200897314 1200918146
1200925090 1200929306
1200941210 1200945426
1200948154 1200957578
1200989322 1200992050
1201041154 1201044874
1201081082 1201084058
1201093730 1201098442
1201111338 1201114314
1201124482 1201127210
1201134650 1201141098
1201150170 1201154370
1201162434 1201165646
1201178294 1201183006
1201191438 1201195654
1201204582 1201208550
1201217726 1201220950
1201228638 1201231614
1201268599 1201270579
1201275859 1201277839
1201282855 1201284835
1201290511 1201292227
1201293679 1201296055
1201303843 1201305955
1201310707 1201312687
1201319419 1201326679
1201344763 1201346347
1201394092 1201396820
1201408724 1201411204
1201419884 1201423604
1201456340 1201458572
1201472708 1201475932
1201481636 1201484116
1201493788 1201507180
1201519580 1201530244
1201541156 1201553804
1201556284 1201562236
1201565460 1201570172
1201598212 1201599892
1201618208 1201620080
1201625488 1201633184
1201639008 1201643376
1201649200 1201652736
1201655232 1201661472
1201664384 1201667920
1201674784 1201676448
1201705053 1201710045
1201716285 1201730221
1201741293 1201747741
1201810376 1201828480
1201834928 1201876096
1201883570 1201889602
1201894802 1201897506
1201906550 1201909774
1201924902 1201928126
1201939286 1201942014
1201946974 1201949950
1201958134 1201961110
1201969264 1201970848
1201977448 1201979428
1201984972 1201986424
1201994344 1201995796
1202007016 1202008468
1202013484 1202015200
1202030512 1202032228
1202039488 1202040676
1202045032 1202045956
1202103131 1202113115
1202140363 1202162203
1202181131 1202189035
1202196731 1202198811
1202215659 1202218363
1202243531 1202272859
1202325729 1202331761
1202335089 1202341121
1202344241 1202349233
1202354849 1202361921
1202377729 1202381889
1202391873 1202394577
1202404561 1202408929
1202416209 1202420785
1202451409 1202459105
1202473714 1202476486
1202493494 1202499446
1202501678 1202510854
1202523254 1202533670
1202584796 1202593830
1202603006 1202613174
1202617886 1202621606
1202624334 1202631278
1202649630 1202653350
1202669044 1202671420
1202678944 1202682508
1202687920 1202698480
1202702572 1202704024
1202711548 1202713000
1202714452 1202717488
1202740720 1202742964
1202751280 1202754052
1202755900 1202758144
1202831750 1202834726
1202854814 1202858534
1202864906 1202867402
1202880324 1202890740
1202898180 1202903884
1202914548 1202919260
1202950508 1202954476
1202963652 1202970844
1202979276 1202982748
1203017220 1203036919
1203049434 1203053526
1203057277 1203068685
1203073893 1203078853
1203090757 1203101340
1203104164 1203105900
1203122764 1203133585
1203136093 1203138601
1203140581 1203145069
1203153681 1203160625
1203207705 1203212417
1203237713 1203246641
1203251849 1203258793
1203263257 1203276401
1203293017 1203299217
1203302193 1203308889
1203313601 1203316825
1203320297 1203322529
1203324761 1203327985
1203330465 1203333937
1203350057 1203359977
1203362457 1203383785
1203389985 1203391969
1203415521 1203419473
1203424673 1203429457
1203434657 1203439025
1203443809 1203448385
1203452129 1203457745
1203461073 1203466897
1203470225 1203475217
1203479377 1203483121
1203490193 1203494353
1203500177 1203503505
1203509953 1203514321
1203518689 1203525137
1203528673 1203533665
1203537825 1203543441
1203546769 1203549057
1203582125 1203584237
1203594797 1203597041
1203605885 1203608261
1203611825 1203614993
1203619613 1203621197
1203631229 1203636377
1203638621 1203641393
1203644297 1203646937
1203651161 1203653009
1203657233 1203659345
1203663173 1203666209
1203667793 1203673997
1203676241 1203679409
1203684557 1203687065
1203690497 1203692345
1203694853 1203697229
1203710165 1203715049
1203717293 1203720593
1203726797 1203728909
1203732209 1203734321
1203737621 1203738809
1203741053 1203745145
1203745673 1203751349
1203754649 1203756233
1203759269 1203764285
1203776297 1203778541
1203783161 1203785405
1203790025 1203792269
1203797945 1203800585
1203810881 1203812729
1203818801 1203821969
1203827909 1203829625
1203840317 1203842429
1203848237 1203850085
1203871733 1203874373
1203877673 1203881501
1203884801 1203888893
1203892457 1203896549
1203900509 1203905129
1203908165 1203911729
1203915557 1203918857
1203921893 1203923873
1203929417 1203931529
1203934301 1203938261
1203940637 1203944465
1203946973 1203950933
1203953969 1203957533
1203963341 1203965981
1203969677 1203972977
1203975617 1203980897
1203983669 1203988289
1203991985 1203994625
1204001225 1204004525
1204007825 1204011257
1204013633 1204017857
1204021685 1204024721
1204029077 1204033301
1204040957 1204051121
1204057721 1204063001