fps: 60
3212836864 3239051264
1124335616 1134493696
1134297088 1138425856
1138229248 1142095872
1141997568 1144061952
1143963648 1146159104
1146060800 1148780544
1149894656 1149943808
1151041536 1151090688
1151926272 1153400832
1153908736 1153957888
1154793472 1154842624
1155784704 1157656576
1158594560 1158991872
1159335936 1159303168
1159204864 1159172096
1159860224 1159696384
1159729152 1159589888
1159622656 1159483392
1159516160 1160294400
1160212480 1160179712
1160114176 1160081408
1159950336 1159917568
1160687616 1160548352
1160581120 1160392704
1160425472 1161097216
1161007104 1160876032
1160908800 1160777728
1160810496 1161342976
1161375744 1161220096
1161252864 1163161600
1163137024 1163104256
1163374592 1163341824
1163317248 1163284480
1163194368 1163890688
1163759616 1163726848
1163644928 1163612160
1164324864 1164292096
1164128256 1164095488
1164070912 1164038144
1164718080 1164685312
1164619776 1164587008
1164521472 1165111296
1165045760 1165012992
1165406208 1166004224
1165848576 1166190592
1166206976 1166084096
1166100480 1166411776
1166383104 1166366720
1166256128 1166548992
1166536704 1166524416
1166512128 1166833664
1166800896 1167030272
1166997504 1166931968
1166948352 1166882816
1166899200 1167058944
1168422912 1168656384
1168994304 1168961536
1168949248 1169588224
1169575936 1169780736
1169768448 1169985536
1170182144 1170194432
1170374656 1170571264
1170558976 1170771968
1170759680 1170976768
1171165184 1171369984
1171357696 1171566592
1171750912 1171763200
1172146176 1172465664
1172668416 1172680704
1173164032 1173581824
1173569536 1173880832
1173868544 1174308864
1174490112 1174572032
1174674432 1174756352
1174879232 1174843392
1174837248 1174967296
1175251968 1175243776
1175527424 1175668736
1175662592 1175810048
1175803904 1175764992
1175758848 1175943168
1175937024 1176123392
1176117248 1176068096
1176061952 1176238080
1176231936 1176350720
1176344576 1176442880
1176436736 1176516608
1176510464 1176630272
1176999936 1177368576
1177362432 1177493504
1177487360 1177587712
1177883648 1177875456
1177828352 1177981952
1178083328 1178134528
1178295296 1178275840
1178269696 1178224640
1178572800 1178531840
1178525696 1178990592
1178984448 1179197440
1179166720 1179357184
1179351040 1179508736
1179502592 1179736064
1179729920 1179858944
1180000256 1180006400
1180190720 1180411904
1180405760 1180534784
1180528640 1180473344
1180467200 1180657664
1180651520 1180626944
1180620800 1180565504
1180559360 1180710912
1180704768 1180688384
1180682240 1180919808
1181089792 1181884416
1181878272 1182062592
1182056448 1182246912
1182240768 1182615552
1182609408 1182758912
1182807040 1182810112
1182862336 1183002624
1182999552 1183033344
1183030272 1183079424
1183076352 1183119360
1183181824 1183261696
1183258624 1183246336
1183243264 1183353856
1183350784 1183338496
1183335424 1183415296
1183412224 1183399936
1183396864 1183384576
1183381504 1183369216
1183366144 1183461376
1183458304 1183446016
1183442944 1183430656
1183427584 1183507456
1183504384 1183492096
1183489024 1183476736
1183473664 1183568896
1183565824 1183553536
1183550464 1183538176
1183535104 1183522816
1183519744 1183614976
1183611904 1183599616
1183596544 1183584256
1183581184 1183661056
1183657984 1183645696
1183642624 1183630336
1183627264 1183932416
1184035328 1184060928
1184085504 1184103936
1184153088 1184253440
1184334336 1184304640
1184380416 1184356864
1184483840 1184473600
1184457216 1184507392
1184582144 1184561664
1184616960 1184600576
1184662016 1184707072
1184755200 1184804352
1184876032 1184853504
1184937472 1184904704
1184999936 1184969216
1185084928 1185111552
1185186304 1185164800
1185252864 1185237504
1185223168 1185278464
1185316352 1185408512
1185382912 1185448448
1185427968 1185483264
1185467904 1185518080
1185553920 1185600000
1185637888 1185716736
1185697280 1185670656
1185732096 1185823232
1185938944 1186023936
1185987072 1186086400
1186187776 1186300416
1186393600 1186481664
1186451968 1186539008
1186510336 1186616832
1186699776 1186804224
1186874880 1186941440
1186915840 1186904576
1186977280 1187004928
1187079680 1187058176
1187154432 1187284480
1187315200 1187407360
1187376640 1187455488
1187427840 1187505664
1187467776 1187576320
1187683840 1187734016
1187725824 1187808768
1187770880 1187886592
1187956224 1187939840
1187923456 1188045312
1188082176 1188176384
1188143616 1188277760
1188259328 1188236800
1188307456 1188372992
1188359680 1188337152
1188451840 1188489728
1188559360 1188679168
1188661760 1188657664
1188747776 1188851200
1188938240 1189087744
1189228032 1189204480
1189401088 1189396992
1189463552 1189459456
1189588480 1189652992
1189742080 1189864960
1189869056 1189936640
1190035968 1190246912
1190382080 1190496768
1190553088 1190616576
1190596096 1190716928
1190694400 1190832640
1190878720 1190896128
1191063040 1191120384
1191101952 1191188224
1191179776 1191155200
1191214336 1191212288
1191193856 1191235328
1191228160 1191226112
1191291648 1191303424
1191320832 1191368448
1191383808 1191591168
1191713280 1191777280
1191775744 1191835648
1191834112 1191912448
1191910912 1191989248
1191987712 1192066560
1192065024 1192142848
1192141312 1192220160
1192218624 1192296448
1192294912 1192373760
1192372224 1192450560
1192449024 1192527360
1192525824 1192609792
1192608256 1192712448




