1106430411 1108783661
1124463571 1125012243
1133092246 1133297998
1134018130 1135732730
1137070118 1137207286
1138476090 1138613258
1142886600 1143023752
1145441056 1145543920
1147378328 1147481192
1148595552 1148681272
1149508893 1149791769
1150057501 1151489025
1152963409 1153306289
1153692029 1154069197
1154437793 1154566373
1154849249 1155372141
1155817885 1156057901
1156615081 1156889385
1157914537 1158296169
1158587753 1158827881
1159200937 1159462505
1159573993 1159904169
1160157161 1160234345
1160354409 1160491625
1160830430 1160989910
1161351398 1161377978
1161611882 1161643778
1161941474 1161968054
1162196642 1162350806
1162722926 1163360846
1163616014 1163669174
1163876498 1165008806
1165529774 1165572302
1165832786 1165864682
1166294320 1166342200
1166555800 1166615832
1166718744 1166808792
1167085368 1167113240
1167602072 1167621368
1167694264 1167722136
1168067320 1168099480
1168131640 1168165944
1168204536 1168243128
1168279576 1168320312
1168677213 1168756541
1169033117 1169331133
1169654877 1169751357
1170012925 1170057949
1170275187 1170301787
1170474687 1170498627
1170674187 1170703447
1170871027 1170897627
1171089147 1171110427
1171485487 1171514747
1171972267 1171988227
1172235607 1172262207
1172663867 1172690467
1172842087 1172940507
1173076167 1173118727
1173257047 1173326207
1173443616 1173512224
1173902432 1173928160
1174131840 1174151136
1174414272 1174429280
1174565424 1174779824
1174810912 1174927760
1174985648 1175011376
1175042464 1175117504
1175152880 1175182896
1175233280 1175292240
1175331904 1175405872
1175433744 1175465904
1175549520 1175558096
1175804481 1175849505
1175949201 1176102497
1176126081 1176200049
1176218273 1176266513
1176329279 1176372231
1176423992 1176456152
1176515112 1176546200
1176626600 1176633032
1176722465 1176728897
1176824801 1176850033
1176885889 1176969553
1176989473 1177017361
1177070481 1177112977
1177204609 1177213905
1177305537 1177313505
1177382561 1177407793
1177483489 1177492785
1177541921 1177548561
1177790257 1177827441
1177997425 1178005393
1178087729 1178094369
1178180689 1178187329
1178285601 1178361297
1178480817 1178484801
1178761025 1178832737
1178888513 1178929681
1178982801 1179034593
1179087713 1179140833
1179199265 1179240433
1179336049 1179391825
1179440961 1179474161
1179650386 1179661950
1179754462 1179769330
1179863494 1179873406
1179994002 1180005566
1180202154 1180212066
1180299622 1180311186
1180436738 1180448302
1180537510 1180549074
1180580462 1180590374
1180654802 1180666366
1180767138 1180777050
1181013286 1181043022
1181109102 1181158662
1181269346 1181307342
1181386638 1181398202
1181528710 1181540274
1181646002 1181657566
1181738514 1181748426
1181920234 1181953274
1181984662 1182016050
1182143254 1182381142
1182438962 1182496782
1182739006 1182748986
1182831313 1182836313
1182885313 1182906313
1182930313 1182936313
1182970313 1182976313
1183016313 1183024313
1183079505 1183096697
1183203533 1183225637
1183250453 1183254593
1183612337 1183633337
1183668337 1183677337
1183704337 1183727337
1183803337 1183810337
1183836337 1183841337
1183881337 1183887337
1183946337 1183962337
1183996337 1184003337
1184028337 1184040337
1184097337 1184110337
1184141337 1184156337
1184183337 1184195337
1184227337 1184269337
1184273337 1184356337
1184377337 1184386337
1184429337 1184435337
1184469337 1184475337
1184522337 1184528337
1184675481 1184698481
1184733481 1184764481
1184810481 1184845481
1184871481 1184899481
1184919481 1184946365
1184958157 1184967269
1184977989 1184990853
1185000501 1185011221
1185020333 1185041237
1185057317 1185078221
1185112849 1185140849
1185151849 1185179849
1185215849 1185224849
1185259849 1185268849
1185298849 1185305849
1185326849 1185345849
1185360849 1185368849
1185446849 1185453849
1185493849 1185501849
1185551849 1185574849
1185622849 1185688849
1185723849 1185730849
1185741849 1185750849
1185869849 1185892849
1185920849 1185934849
1186005293 1186009581
1186021909 1186025661
1186034237 1186036917
1186072829 1186086229
1186093733 1186114101
1186124821 1186126965
1186161301 1186175301
1186231301 1186242301
1186266301 1186272301
1186297301 1186304301
1186370301 1186377301
1186422301 1186441981
1186462885 1186466637
1186494509 1186498261
1186527413 1186532061
1186573893 1186580533
1186599789 1186614397
1186636078 1186651810
1186691554 1186699834
1186742890 1186747858
1186771870 1186778494
1186822378 1186841422
1186876198 1186891102
1186932502 1186939954
1187042237 1187046377
1187109305 1187113445
1187168093 1187173889
1187205353 1187230193
1187247581 1187262485
1187295605 1187302229
1187322929 1187336177
1187387027 1187393003
1187495311 1187515183
1187586304 1187609304
1187649304 1187708304
1187739304 1187759304
1187769304 1187790304
1187818304 1187834304
1187890304 1187942304
1187977304 1188088304
1188229942 1188239050
1188316882 1188325162
1188359110 1188365734
1188380638 1188384245
1188436701 1188442677
1188457949 1188463261
1188528377 1188551617
1188659849 1188741137
1188778657 1188788305
1188804385 1188814569
1188832257 1188841905
1188970881 1188976881
1189081621 1189086933
1189177237 1189181885
1189206453 1189209773
1189304807 1189360067
1189399363 1189436203
1189624045 1189626725
1189647629 1189664245
1189667997 1189679030
1189693106 1189698074
1189745786 1189762786
1189784786 1189793786
1189829786 1189839786
1189876786 1189885786
1189949786 1189952786
1190083786 1190088786
1190156786 1190161786
1190185786 1190192786
1190254110 1190281446
1190316822 1190327542
1190381221 1190389221
1190446221 1190454221
1190522221 1190533221
1190593221 1190599221
1190665221 1190674221
1190712221 1190717221
1190790221 1190854221
1190864221 1190887221
1190948221 1190960221
1191020221 1191043221
1191071221 1191079221
1191116245 1191129245
1191218791 1191223159
1191236559 1191237899
1191256927 1191258267
1191274079 1191275687
1191323699 1191337199
1191353699 1191358699
1191368199 1191371199
1191390199 1191392699
1191407199 1191410199
1191423699 1191427199
1191467699 1191473199
1191505199 1191507699
1191541689 1191545189
1191559189 1191562189
1191584189 1191591189
1191616189 1191637689
1191656189 1191661689
1191668689 1191675189
1191690189 1191693189
1191718689 1191721689
1191752003 1191772255
1191789851 1191800807
1191812427 1191826039
1191833675 1191873648
1191895824 1191907528
1191984528 1192005472
1192026416 1192032576
1192067688 1192074464
1192087400 1192102800
1192128672 1192132368
1192145920 1192150848
1192160704 1192187192
1192224768 1192229696
1192251872 1192267272
1192279592 1192285136
1192298072 1192304232
1192383080 1192397248
1192444064 1192447760
1192476712 1192484104
1192509360 1192521064
1192577736 1192582048
1192599296 1192602376
1192624552 1192638720
1192643032 1192647960
1192659048 1192663976
1192708328 1192712024
1192751418 1192766418
1192783918 1192802918
1192826418 1192838918
1192851918 1192866418
1192909507 1192920595
1192953243 1192957555
1193000059 1193009915
1193045027 1193049339
1193118397 1193132817
1193143117 1193148885
1193162481 1193167425
1193220135 1193226295
1193236767 1193243543
1193267567 1193279271
1193294671 1193307607
1193335943 1193347031
1193377831 1193404935
1193436967 1193443127
1193465303 1193468999
1193489327 1193493639
1193518895 1193541071
1193552159 1193559551
1193597127 1193600207
1193609447 1193616839
1193663039 1193671047
1193700949 1193705893
1193732673 1193770989
1193778405 1193791403
1193798403 1193809403
1193819403 1193865892
1193886836 1193912092
1193931804 1193942276
1193960756 1193974308
1193982316 1193992788
1194029748 1194033444
1194067940 1194079644
1194109212 1194124612
1194152948 1194168348
1194207772 1194220092
1194249660 1194263828
1194295860 1194301404
1194343292 1194353764
1194366700 1194375940
1194389151 1194391027
1194400139 1194402283
1194411127 1194413003
1194423187 1194425063
1194433371 1194434443
1194485870 1194503118
1194504966 1194519134
1194527142 1194540694
1194562870 1194567182
1194593509 1194601517
1194619381 1194627389
1194634781 1194660037
1194663117 1194679749
1194688373 1194692069
1194740733 1194749357
1194763525 1194769685
1194788781 1194797405
1194806645 1194814037
1194832517 1194836213
1194862085 1194865781
1194924301 1194932309
1194959413 1194963109
1194985285 1194998837
1195016258 1195131258
1195161801 1195211081
1195310257 1195314569
1195331201 1195334897
1195358921 1195390337
1195409433 1195415593
1195428529 1195434073
1195445161 1195482737
1195485201 1195493825
1195529553 1195547417
1195554809 1195575753
1195594233 1195608145
1195664817 1195671593
1195683297 1195688225
1195707937 1195717793
1195728265 1195749209
1195779393 1195786169
1195873025 1195877337
1195926001 1195967273
1195976513 1195979593
1195991913 1195995609
1196013473 1196016553
1196044273 1196047969
1196059673 1196068913
1196080617 1196089857
1196102793 1196112033
1196123737 1196134209
1196140369 1196150841
1196154537 1196163161
1196198273 1196221681
1196236465 1196251865
1196313205 1196321829
1196376653 1196384045
1196417961 1196431969
1196443505 1196450921
1196463281 1196470285
1196485529 1196493357
1196552235 1196583651
1196594739 1196618763
1196671123 1196691451
1196707467 1196714859
1196730875 1196744427
1196770299 1196779539
1196840523 1196845451
1196881179 1196894731
1196935823 1196938295
1196970483 1196973483
1196993983 1196996483
1197050701 1197244766
1197274646 1197303862
1197312162 1197323450
1197331418 1197380886
1197389518 1197406450
1197419398 1197437658
1197447950 1197452266
1197461894 1197466210
1197475506 1197485134
1197489450 1197502066
1197541574 1197547882
1197567138 1197606646
1197628226 1197630550
1197645822 1197648478
1197669062 1197671718
1197681678 1197685662
1197697946 1197700602
1197721186 1197723842
1197737786 1197740442
1197751730 1197777626
1197790574 1197792234
1197825102 1197826430
1197846682 1197849006
1197874238 1197879550
1197905446 1197916070
1197951657 1197960233
1197980869 1198003113
1198006865 1198014369
1198019997 1198025625
1198033933 1198037685
1198044117 1198047065
1198062341 1198067165
1198084853 1198098789
1198110313 1198117013
1198126393 1198135773
1198141937 1198151585
1198152121 1198165253
1198186157 1198192321
1198260661 1198320321
1198321393 1198327289
1198339617 1198346585
1198358109 1198376601
1198403669 1198410905
1198431809 1198458877
1198473349 1198497201
1198503097 1198510065
1198518641 1198528289
1198540885 1198560181
1198580013 1198599577
1198614585 1198616729
1198665345 1198669345
1198673845 1198711845
1198732845 1198770345
1198788845 1198796845
1198810845 1198829845
1198836345 1198849845
1198860345 1198871345
1198885845 1198891345
1198898845 1198926845
1198960345 1198964345
1198975345 1198997845
1199035845 1199048845
1199071845 1199101845
1199112345 1199140845
1199151345 1199170845
1199186845 1199209345
1199296638 1199305138
1199351638 1199390638
1199397638 1199407138
1199419138 1199438638
1199457138 1199460638
1199488138 1199507138
1199556138 1199559638
1199574761 1199576993
1199585425 1199586665
1199595841 1199596833
1199606257 1199611217
1199626097 1199631057
1199635521 1199642713
1199650649 1199655857
1199661809 1199668257
1199683881 1199692809
1199699505 1199700745
1199710913 1199712153
1199730753 1199732241
1199742161 1199746377
1199751833 1199758529
1199782833 1199784321
1199793497 1199795481
1199845886 1199847126
1199854814 1199856054
1199863246 1199865726
1199881102 1199882838
1199892758 1199893998
1199899454 1199901686
1199916565 1199926113
1199936821 1199945005
1199958645 1199964349
1199976501 1199981213
1200007749 1200010477
1200017917 1200023125
1200051893 1200058093
1200072973 1200076445
1200084877 1200089837
1200115133 1200117365
1200147621 1200153817
1200157345 1200172297
1200175993 1200181369
1200181873 1200193801
1200196321 1200199009
1200208185 1200218487
1200254814 1200257166
1200265398 1200266406
1200280686 1200281526
1200294630 1200296142
1200299166 1200302526
1200337470 1200340662
1200351078 1200353094
1200360318 1200365190
1200394254 1200400470
1200402964 1200405876
1200409204 1200413156
1200426676 1200428132
1200431876 1200438948
1200441652 1200446644
1200451844 1200460372
1200473636 1200474824
1200479180 1200480368
1200523590 1200525306
1200536922 1200541938
1200542598 1200547746
1200549858 1200550386
1200554610 1200557382
1200564114 1200573882
1200577842 1200582726
1200590514 1200595398
1200624735 1200629199
1200635895 1200642591
1200670261 1200671801
1200681349 1200685661
1200691205 1200693977
1200700753 1200703833
1200716461 1200726009
1200732169 1200745721
1200756501 1200766049
1200774981 1200807937
1200817793 1200831345
1200850133 1200855281
1200864785 1200865445
1200871253 1200873761
1200886125 1200887613
1200902379 1200903419
1200917339 1200925235
1200972101 1200972761
1200980285 1200980945
1200986885 1200987941
1200992297 1200992957
1201023824 1201039224
1201046924 1201050312
1201061708 1201077416
1201086964 1201096820
1201105752 1201115916
1201138516 1201151412
1201156124 1201166292
1201170012 1201181200
1201216607 1201218479
1201237199 1201241983
1201256335 1201257375
1201271727 1201293151
1201306255 1201309999
1201314991 1201317903
1201321647 1201324143
1201330383 1201361583
1201369903 1201378847
1201386127 1201394447
1201417535 1201419823
1201426895 1201448111
1201477693 1201488717
1201492045 1201497869
1201501821 1201504941
1201510141 1201513261
1201518461 1201521373
1201525117 1201529277
1201532189 1201536557
1201539261 1201560685
1201570669 1201572749
1201598749 1201606653
1201617261 1201621421
1201630157 1201662189
1201664477 1201693181
1201703671 1201713095
1201718799 1201721527
1201730207 1201738143
1201742855 1201751535
1201761207 1201766167
1201770383 1201774351
1201804359 1201806095
1201813039 1201814527
1201822711 1201824199
1201842551 1201847759
1201852223 1201855943
1201871567 1201879503
1201887687 1201891159
1201894383 1201897111
1201900087 1201903559
1201908767 1201916455
1201921663 1201924639
1201927863 1201931335
1201934868 1201945428
1201953744 1201960344
1201964040 1201966680
1201969320 1201978074
1201986754 1201988738
1202006842 1202008578
1202019738 1202021226
1202023210 1202024450
1202029410 1202031890
1202052444 1202055356
1202060140 1202074741
1202083189 1202086489
1202091002 1202094330
1202098490 1202106602
1202110684 1202114908
1202124016 1202127844
1202146925 1202150893
1202156349 1202191565
1202201981 1202207685
1202218101 1202224053
1202251085 1202253317
1202264973 1202270767
1202276619 1202283087
1202308959 1202327747
1202339115 1202341403
1202348267 1202351803
1202377421 1202385429
1202396209 1202400521
1202410626 1202412610
1202420050 1202435377
1202446157 1202451701
1202464329 1202468025
1202486813 1202489893
1202517921 1202520077
1202528393 1202531165
1202563197 1202565353
1202582601 1202591225
1202596461 1202604777
1202614017 1202623873
1202629725 1202634653
1202666377 1202668533
1202676849 1202678389
1202712577 1202716889
1202721201 1202725821
1202730441 1202735369
1202807798 1202864414
1202878101 1202894381
1202908241 1202909473
1202929493 1202936269
1202950437 1202951977
1202972921 1202994481
1203001257 1203002797
1203024665 1203048381
1203065937 1203071789
1203079489 1203086265
1203093041 1203101973
1203103821 1203112753
1203121993 1203123533
1203131233 1203132773
1203146017 1203149713
1203156181 1203163265
1203170965 1203172813
1203181437 1203182669
1203193141 1203194373
1203203613 1203204537
1203214085 1203215625
1203224865 1203231333
1203233797 1203243037
1203266137 1203267061
1203280305 1203281845
1203292317 1203293857
1203304329 1203305561
1203315725 1203317265
1203333281 1203336361
1203352993 1203354841
1203364389 1203365929
1203386873 1203388413
1203412745 1203413669
1203433689 1203435537
1203442929 1203444469
1203451861 1203454325
1203462333 1203463873
1203471881 1203476501
1203496521 1203498985
1203515925 1203518081
1203594761 1203596609
1203610777 1203614473
1203636033 1203638189
1203650509 1203652357
1203661905 1203719193
1203726893 1203764161
1203800813 1203805741
1203816521 1203826069
1203840237 1203844241
1203860257 1203861797
1203879661 1203890749
1203893521 1203900605
1203908613 1203911385
1203917237 1203951117
1203953273 1203955429
1203962821 1203969289
1203998021 1203998861
1204021433 1204025129
1204040085 1204044453
1204072445 1204077901
1204082365 1204092781
1204097245 1204100717
1204103941 1204109893
1204252541 1204261473
1204279953 1204310753
1204319069 1204328309
1204342169 1204352949
1204360341 1204367425
1204376357 1204385289
1204402229 1204406541
1204451201 1204454589
1204472145 1204473685
1204477997 1204479537
1204495553 1204501713
1204518345 1204522349
1204540829 1204544833
1204560541 1204564237
1204602737 1204608589
1204624605 1204626761
1204649553 1204650785
1204684973 1204702529
1204710229 1204712077
1204727477 1204728709
1204747805 1204750577
1204762589 1204765053
1204816489 1204830965
1204834969 1204845133
1204868233 1204885173
1204889485 1204896877
1204909813 1204916897
1204952317 1204954165
1204969565 1204975417
1205003445 1205009605
1205030857 1205056113
1205066277 1205068741
1205090609 1205108165
1205119253 1205125721
1205137733 1205141429
1205158985 1205160833
1205174693 1205177157
1205201489 1205204261
1205237833 1205248305
1205259393 1205274177
1205282493 1205291117
1205301589 1205316681
1205360109 1205374585
1205392757 1205400457
1205436801 1205461749
1205495013 1205496861
1205503637 1205504869
1205513493 1205515649
1205533205 1205535361
1205541521 1205543369
1205547681 1205550761
1205574169 1205587413
1205638185 1205644737
1205654313 1205655153
1205659353 1205662377
1205674625 1205719017
1205732657 1205736377
1205739353 1205743073
1205747041 1205750761
1205771841 1205777297
1205795649 1205796889
1205802097 1205804577
1205825409 1205888897
1205908489 1205919897
1205943385 1205944873
1205951321 1205955785
1205977609 1206011337
1206033409 1206040353
1206047545 1206059697
1206096897 1206098137
1206104089 1206105081
1206126657 1206134593
1206138561 1206151209
1206156665 1206163609
1206167577 1206179233
1206184441 1206192625
1206195849 1206204093
1206239205 1206240933
1206245893 1206246885
1206270445 1206272677
1206286069 1206306901
1206310373 1206311117
1206354285 1206358501
1206370405 1206376357
1206392229 1206394213
1206411325 1206420587
1206431771 1206445083
1206451323 1206454027
1206465259 1206466923
1206471799 1206485391
1206498415 1206521823
1206528291 1206530447
1206536299 1206539379
1206546155 1206552315
1206573567 1206579727
1206583731 1206590199
1206595435 1206603443
1206608679 1206614223
1206638863 1206642251
1206649335 1206654571
1206661655 1206666275
1206673975 1206677979
1206714015 1206718019
1206726643 1206731571
1206761447 1206768531
1206796559 1206799331
1206812267 1206815347
1206823355 1206835367
1206842143 1206844607
1206861547 1206870479
1206874483 1206877563
1206883415 1206888343
1206896773 1206902973
1206908429 1206909669
1206918101 1206933973
1206943149 1206947861
1206956045 1206974149
1206983573 1206990021
1206992749 1206997461
1206999941 1207002917
1207006141 1207009861
1207029205 1207031189
1207040861 1207042597
1207051029 1207054997
1207069222 1207071378
1207084006 1207085854
1207098070 1207100302
1207113198 1207115926
1207127817 1207128809
1207141705 1207153609
1207158073 1207162041
1207174657 1207179441
1207185265 1207186305
1207196899 1207198007
1207206827 1207218483
1207222363 1207225531
1207227247 1207232784
1207236944 1207241520
1207249862 1207250870
1207257340 1207258380
1207268364 1207270028
1207277516 1207279596
1207289372 1207293948
1207296652 1207299356
1207303724 1207305388
1207326034 1207340168
1207342456 1207345160
1207347656 1207349320
1207353688 1207355768
1207365336 1207366842
1207375026 1207379986
1207390154 1207393874
1207409002 1207410986
1207446579 1207451539
1207459475 1207465923
1207469395 1207471131
1207512547 1207515275
1207531147 1207535115
1207564875 1207569835
1207575043 1207578019
1207596097 1207603041
1207610233 1207611969
1207620649 1207622633
1207634785 1207637761
1207652145 1207656361
1207669505 1207693313
1207700009 1207701497
1207716625 1207721089
1207730970 1207733194
1207743858 1207764974
1207785558 1207803662
1207805398 1207808374
1207809118 1207819286
1207820030 1207829702
1207830694 1207840118
1207842598 1207844582
1207845574 1207856486
1207857974 1207868886
1207873350 1207876822
1207906086 1207924686
1207927910 1207930886
1207936094 1207937582
1207950974 1207953454
1207959852 1207962084
1207965308 1207968036
1207980064 1207981056
1207997707 1208005351
1208015767 1208016523
1208019967 1208020555
1208025679 1208026267
1208032903 1208037691
1208039035 1208039455
1208041891 1208049283
1208050291 1208050795
1208057851 1208058439
1208067191 1208067871
1208072495 1208073311
1208076711 1208082695
1208088105 1208088921
1208097761 1208098713
1208102385 1208102385
1208102385 1208102385
1208102385 1208102385
1208110069 1208110953
1208112925 1208115305
1208116325 1208119521
1208121289 1208124485
1208131149 1208132673
1208133765 1208135025
1208136033 1208137293
1208138385 1208139393
1208140653 1208141493
1208142753 1208143517
1208144401 1208145421
1208148005 1208149365
1208151949 1208153853
1208170241 1208170649
1208179557 1208179965
1208186357 1208186697
1208190777 1208191049
1208193905 1208194449
1208196149 1208196557
1208201385 1208202609
1208218657 1208218997
1208225253 1208225457
1208244293 1208244769
1208253677 1208257417
1208264489 1208269181
1208285093 1208285433